datum_lat = 29.916326
datum_lon = -84.5116485
lat_north = 29.917076
lat_south = 29.915576 
lon_west = -84.513161
lon_east = -84.510136